ChemkinName	ChemicalFormula	MolecularWeight	Radius	Diffusivity	AbrahamS	AbrahamB	AbrahamE	AbrahamL	AbrahamA	AbrahamV	ChemkinName

SPC(1)	C16H26	218.0	6.994593704807919E-10	1.1067872775309897E-9	0.502	0.144	0.552	7.755999999999998	0.0030	212.53999999999934	SPC(1)
SPC(2)	C11H24	156.0	6.321494713620493E-10	1.2246355766618952E-9	0.12700000000000003	0.08499999999999999	0.04000000000000001	5.263	0.0030	165.84999999999962	SPC(2)
SPC(3)	C13H28	184.0	6.663339290589995E-10	1.161808964900284E-9	0.12700000000000003	0.08499999999999999	0.04000000000000001	6.260999999999999	0.0030	194.0299999999994	SPC(3)
SPC(4)	C11H10	142.0	5.966300072374837E-10	1.2975424015001485E-9	0.8440000000000001	0.20399999999999996	1.2880000000000003	5.691	0.0030	122.62999999999994	SPC(4)
SPC(5)	C16H34	226.0	7.118380296114519E-10	1.0875405642777155E-9	0.12700000000000003	0.08499999999999999	0.04000000000000001	7.757999999999998	0.0030	236.29999999999978	SPC(5)
O2(6)	O2	32.0	2.752210180206535E-10	2.8128401601213485E-9	1.017	0.739	0.16599999999999998	1.12	0.0030	18.3	O2(6)
SPC(7)	C19H40	268.0	7.521603549441157E-10	1.029238947930849E-9	0.12700000000000003	0.08499999999999999	0.04000000000000001	9.254999999999999	0.0030	278.5700000000013	SPC(7)
SPC(8)	C21H44	296.0	7.768068435401517E-10	9.965833061793321E-10	0.12700000000000003	0.08499999999999999	0.04000000000000001	10.253	0.0030	306.7500000000023	SPC(8)
HO2J(43)	HO2J	33.0	4.005623336232731E-10	1.932664824960957E-9	0.771	0.6849999999999999	0.37	1.4740000000000002	0.693	20.450000000000003	HO2J(43)
SPC(17)	C16H25J	217.0	6.994593704807919E-10	1.1067872775309897E-9	0.502	0.144	0.552	7.755999999999998	0.0030	210.38999999999936	SPC(17)
C11H9J(66)	C11H9J	141.0	5.966300072374837E-10	1.2975424015001485E-9	0.8440000000000001	0.20399999999999996	1.2880000000000003	5.691	0.0030	120.47999999999996	C11H9J(66)
SPC(117)	C16H25O2J	249.0	7.162775235226939E-10	1.0807999790230024E-9	0.9700000000000003	0.673	0.7160000000000001	8.737999999999998	0.348	222.12999999999937	SPC(117)
SPC(120)	C16H26O2	250.0	7.162775235226939E-10	1.0807999790230024E-9	0.9700000000000001	0.6729999999999999	0.716	8.737999999999998	0.348	224.2799999999994	SPC(120)
SPC(136)	C11H9O2J	173.0	6.194779185588068E-10	1.2496857582898421E-9	1.3510000000000004	0.7150000000000001	1.4670000000000003	6.901	0.348	132.21999999999986	SPC(136)
SPC(137)	C11H10O2	174.0	6.194779185588068E-10	1.2496857582898421E-9	1.351	0.7149999999999999	1.4670000000000003	6.901	0.348	134.36999999999995	SPC(137)
SPC(119)	C16H24	216.0	6.790759572299266E-10	1.140009043400512E-9	0.602	0.16599999999999998	0.6880000000000001	7.695999999999997	0.0030	208.23999999999938	SPC(119)
H2O2(101)	H2O2	34.0	4.005623336232731E-10	1.932664824960957E-9	0.771	0.6849999999999999	0.37	1.4740000000000002	0.693	22.6	H2O2(101)
SPC(218)	C16H23J	215.0	6.790759572299266E-10	1.140009043400512E-9	0.602	0.16599999999999998	0.6880000000000001	7.695999999999997	0.0030	206.0899999999994	SPC(218)
SPC(254)	C16H23O2J	247.0	7.018509451984523E-10	1.1030158720938667E-9	1.0700000000000003	0.6950000000000001	0.852	8.677999999999999	0.348	217.82999999999942	SPC(254)
SPC(268)	C16H24O2	248.0	7.018509451984523E-10	1.1030158720938667E-9	1.0699999999999998	0.695	0.8520000000000001	8.677999999999997	0.348	219.9799999999994	SPC(268)
SPC(261)	C16H23O2J	247.0	7.114119173160123E-10	1.0881919652381835E-9	1.0700000000000003	0.6950000000000001	0.8520000000000002	8.677999999999999	0.348	217.82999999999942	SPC(261)
SPC(271)	C16H24O2	248.0	7.114119173160123E-10	1.0881919652381835E-9	1.0699999999999998	0.695	0.8520000000000001	8.677999999999997	0.348	219.9799999999994	SPC(271)
SPC(395)	C16H23O2J	247.0	7.114119173160123E-10	1.0881919652381835E-9	1.0700000000000003	0.6950000000000001	0.8520000000000002	8.677999999999999	0.348	217.82999999999942	SPC(395)
SPC(439)	C16H23O4J	279.0	7.322482326005983E-10	1.0572271777953665E-9	1.5380000000000003	1.2239999999999989	1.016	9.660000000000002	0.693	229.56999999999942	SPC(439)
SPC(455)	C16H24O4	280.0	7.322482326005983E-10	1.0572271777953665E-9	1.5380000000000007	1.2240000000000002	1.0160000000000002	9.659999999999998	0.693	231.71999999999952	SPC(455)
SPC(171)	C16H25OJ	233.0	6.948190336594852E-10	1.1141789370976989E-9	0.785	0.4620000000000001	0.7020000000000001	8.377999999999998	0.348	216.25999999999937	SPC(171)
H2O(190)	H2O	18.0	3.1800000000000004E-10	2.4344425547106146E-9	0.524	0.378	0.309	0.802	0.348	16.730000000000004	H2O(190)
SPC(173)	C16H26O	234.0	6.948190336594852E-10	1.1141789370976989E-9	0.785	0.4620000000000001	0.7020000000000001	8.377999999999998	0.348	218.40999999999934	SPC(173)
SPC(446)	C16H23O4J	279.0	7.322482326005983E-10	1.0572271777953665E-9	1.5380000000000003	1.2239999999999989	1.016	9.660000000000002	0.693	229.56999999999942	SPC(446)
SPC(458)	C16H24O4	280.0	7.322482326005983E-10	1.0572271777953665E-9	1.5380000000000007	1.2240000000000002	1.0160000000000002	9.659999999999998	0.693	231.71999999999952	SPC(458)
SPC(664)	C16H23O4J	279.0	7.322482326005984E-10	1.0572271777953663E-9	1.5380000000000003	1.2239999999999989	1.016	9.660000000000002	0.693	229.56999999999942	SPC(664)
HOJ(103)	HOJ	17.0	3.1800000000000004E-10	2.4344425547106146E-9	0.524	0.378	0.309	0.802	0.348	14.580000000000002	HOJ(103)
SPC(695)	C16H22O3	262.0	7.121035639041846E-10	1.087135034339106E-9	1.3270000000000004	0.928	1.044	8.937999999999999	0.348	214.98999999999944	SPC(695)
SPC(70)	C16H33J	225.0	7.118380296114519E-10	1.0875405642777155E-9	0.12700000000000003	0.08499999999999999	0.04000000000000001	7.757999999999998	0.0030	234.1499999999997	SPC(70)
SPC(850)	C16H33O2J	257.0	7.326504247987865E-10	1.0566468075284159E-9	0.595	0.614	0.20400000000000001	8.739999999999998	0.348	245.89000000000016	SPC(850)
SPC(854)	C16H34O2	258.0	7.326504247987865E-10	1.0566468075284159E-9	0.595	0.614	0.20400000000000001	8.739999999999998	0.348	248.0399999999999	SPC(854)
SPC(74)	C16H33J	225.0	7.118380296114519E-10	1.0875405642777155E-9	0.12700000000000003	0.08499999999999999	0.04000000000000001	7.757999999999998	0.0030	234.1499999999997	SPC(74)
SPC(948)	C16H33O2J	257.0	7.326504247987865E-10	1.0566468075284159E-9	0.595	0.614	0.20400000000000001	8.739999999999998	0.348	245.89000000000016	SPC(948)
SPC(953)	C16H34O2	258.0	7.326504247987865E-10	1.0566468075284159E-9	0.595	0.614	0.20400000000000001	8.739999999999998	0.348	248.0399999999999	SPC(953)
SPC(525)	C16H23O4J	279.0	7.26598794598005E-10	1.0654473117124838E-9	1.5530000000000004	1.201999999999999	1.0390000000000001	9.865	0.693	229.56999999999942	SPC(525)
SPC(1070)	C16H22O3	262.0	6.941678284508788E-10	1.1152241585807755E-9	1.5410000000000004	1.0290000000000001	0.9910000000000002	9.298	0.348	221.54999999999944	SPC(1070)
SPC(1121)	C16H23O5J	295.0	7.419171768651262E-10	1.0434489947638851E-9	1.8200000000000007	1.5570000000000002	1.1750000000000003	10.326	1.0379999999999998	235.43999999999954	SPC(1121)
SPC(75)	C16H33J	225.0	7.118380296114519E-10	1.0875405642777155E-9	0.12700000000000003	0.08499999999999999	0.04000000000000001	7.757999999999998	0.0030	234.1499999999997	SPC(75)
SPC(1212)	C16H33O2J	257.0	7.326504247987865E-10	1.0566468075284159E-9	0.595	0.614	0.20400000000000001	8.739999999999998	0.348	245.89000000000016	SPC(1212)
SPC(1216)	C16H34O2	258.0	7.326504247987865E-10	1.0566468075284159E-9	0.595	0.614	0.20400000000000001	8.739999999999998	0.348	248.0399999999999	SPC(1216)
SPC(804)	C16H21O3J	261.0	7.069150897757325E-10	1.0951141708455735E-9	1.3420000000000005	0.906	1.0670000000000002	9.142999999999999	0.348	212.83999999999946	SPC(804)
SPC(1294)	C16H20O2	244.0	6.796361738888232E-10	1.1390693464244792E-9	1.1310000000000002	0.61	1.0949999999999998	8.421	0.0030	198.25999999999948	SPC(1294)
SPC(71)	C16H33J	225.0	7.118380296114519E-10	1.0875405642777155E-9	0.12700000000000003	0.08499999999999999	0.04000000000000001	7.757999999999998	0.0030	234.1499999999997	SPC(71)
SPC(1412)	C16H33O2J	257.0	7.326504247987865E-10	1.0566468075284159E-9	0.595	0.614	0.20400000000000001	8.739999999999998	0.348	245.89000000000016	SPC(1412)
SPC(1416)	C16H34O2	258.0	7.326504247987865E-10	1.0566468075284159E-9	0.595	0.614	0.20400000000000001	8.739999999999998	0.348	248.0399999999999	SPC(1416)
SPC(76)	C16H33J	225.0	7.118380296114519E-10	1.0875405642777155E-9	0.12700000000000003	0.08499999999999999	0.04000000000000001	7.757999999999998	0.0030	234.1499999999997	SPC(76)
SPC(1504)	C16H33O2J	257.0	7.326504247987865E-10	1.0566468075284159E-9	0.595	0.614	0.20400000000000001	8.739999999999998	0.348	245.89000000000016	SPC(1504)
SPC(1508)	C16H34O2	258.0	7.326504247987865E-10	1.0566468075284159E-9	0.595	0.614	0.20400000000000001	8.739999999999998	0.348	248.0399999999999	SPC(1508)
SPC(1373)	C16H19O2J	243.0	6.796361738888232E-10	1.1390693464244792E-9	1.1310000000000002	0.61	1.0949999999999998	8.421	0.0030	196.1099999999995	SPC(1373)
SPC(1603)	C16H19O4J	275.0	7.023753826940234E-10	1.1021922912910808E-9	1.5990000000000006	1.1389999999999993	1.2589999999999997	9.403	0.348	207.8499999999995	SPC(1603)
SPC(1620)	C16H20O4	276.0	7.023753826940234E-10	1.1021922912910808E-9	1.5990000000000006	1.139	1.259	9.402999999999999	0.348	209.9999999999995	SPC(1620)
SPC(73)	C16H33J	225.0	7.118380296114519E-10	1.0875405642777155E-9	0.12700000000000003	0.08499999999999999	0.04000000000000001	7.757999999999998	0.0030	234.1499999999997	SPC(73)
SPC(1752)	C16H33O2J	257.0	7.326504247987865E-10	1.0566468075284159E-9	0.595	0.614	0.20400000000000001	8.739999999999998	0.348	245.89000000000016	SPC(1752)
SPC(1756)	C16H34O2	258.0	7.326504247987865E-10	1.0566468075284159E-9	0.595	0.614	0.20400000000000001	8.739999999999998	0.348	248.0399999999999	SPC(1756)
SPC(533)	C16H23O4J	279.0	7.322482326005983E-10	1.0572271777953665E-9	1.5380000000000007	1.2240000000000002	1.0160000000000002	9.659999999999998	0.693	229.56999999999942	SPC(533)
SPC(72)	C16H33J	225.0	7.118380296114519E-10	1.0875405642777155E-9	0.12700000000000003	0.08499999999999999	0.04000000000000001	7.757999999999998	0.0030	234.1499999999997	SPC(72)
SPC(1876)	C16H33O2J	257.0	7.326504247987865E-10	1.0566468075284159E-9	0.595	0.614	0.20400000000000001	8.739999999999998	0.348	245.89000000000016	SPC(1876)
SPC(1879)	C16H34O2	258.0	7.326504247987865E-10	1.0566468075284159E-9	0.595	0.614	0.20400000000000001	8.739999999999998	0.348	248.0399999999999	SPC(1879)
SPC(801)	C16H21O3J	261.0	7.15573076305021E-10	1.0818639745299532E-9	1.3420000000000005	0.906	1.0670000000000002	9.142999999999999	0.348	212.83999999999946	SPC(801)
SPC(1993)	C16H20O2	244.0	6.820585160717394E-10	1.1350239226637697E-9	1.3300000000000005	0.7330000000000001	1.0190000000000001	8.575999999999999	0.0030	204.81999999999948	SPC(1993)
SPC(2040)	C16H21O4J	277.0	7.31352662563943E-10	1.0585217939646052E-9	1.6090000000000004	1.2610000000000001	1.2030000000000003	9.604	0.693	218.70999999999947	SPC(2040)
SPC(1108)	C16H21O3J	261.0	6.941678284508788E-10	1.1152241585807755E-9	1.5410000000000004	1.0290000000000001	0.9910000000000002	9.298	0.348	219.39999999999947	SPC(1108)
SPC(52)	C13H27J	183.0	6.663339290589995E-10	1.161808964900284E-9	0.12700000000000003	0.08499999999999999	0.04000000000000001	6.260999999999999	0.0030	191.87999999999943	SPC(52)
SPC(2176)	C13H27O2J	215.0	6.899452517982707E-10	1.1220495110013825E-9	0.595	0.614	0.20400000000000001	7.2429999999999986	0.348	203.61999999999938	SPC(2176)
SPC(2243)	C13H28O2	216.0	6.899452517982707E-10	1.1220495110013825E-9	0.595	0.614	0.20400000000000001	7.242999999999999	0.348	205.7699999999994	SPC(2243)
SPC(665)	C16H23O4J	279.0	7.355304775334151E-10	1.052509387502309E-9	1.5530000000000004	1.201999999999999	1.0390000000000001	9.865	0.693	229.56999999999942	SPC(665)
SPC(669)	C16H22O3	262.0	7.039375403367062E-10	1.0997463383295115E-9	1.5410000000000004	1.0290000000000001	0.9910000000000002	9.298	0.348	221.54999999999944	SPC(669)
SPC(2481)	C16H23O5J	295.0	7.504896139387304E-10	1.0315302410849579E-9	1.8200000000000007	1.5570000000000002	1.1750000000000003	10.326	1.0379999999999998	235.43999999999954	SPC(2481)
