Reaction system 1 of 1
\\\\\\\\\\\\\\    Concentration Profile Output    \\\\\\\\\\\\\
Time	O2(1)	n-C11(2)	n-C13(3)	SPC(4)	n-C16(5)	SPC(6)	n-C19(7)	n-C21(8)	HO2J(9)	SPC(42)	SPC(116)	SPC(119)	SPC(118)	H2O2(101)	C11H9J(30)	SPC(205)	SPC(208)	SPC(180)	SPC(248)	SPC(262)	SPC(255)	SPC(265)
0.0	1.6903762208086417E-6	1.6903762208086414E-4	6.761504883234566E-4	3.380752441617283E-4	8.451881104043206E-4	8.451881104043206E-4	6.761504883234566E-4	3.380752441617283E-4	0.0	0.0	0.0	0.0	0.0	0.0	0.0	0.0	0.0	0.0	0.0	0.0	0.0	0.0
1.0	1.6903762208086417E-6	1.6903762208086414E-4	6.761504883234566E-4	3.3807524416170785E-4	8.451881104043206E-4	8.451881103897202E-4	6.761504883234566E-4	3.380752441617283E-4	3.770271346045539E-16	1.879748675061168E-21	2.3544651522505658E-20	1.3931757204829953E-14	6.687978970040774E-16	4.8029706150522655E-16	4.6174172717057165E-24	3.4576885453465785E-23	2.0460363716648018E-17	8.337654186047777E-34	1.0419583037059955E-32	3.0896139279325338E-27	1.0406519774307383E-32	3.0857404144097558E-27
5.0	1.6903762208086417E-6	1.6903762208086414E-4	6.761504883234566E-4	3.380752441613331E-4	8.451881104043206E-4	8.451881101222311E-4	6.761504883234566E-4	3.380752441617283E-4	1.875414721629888E-15	8.128467112402005E-21	1.0181504574718356E-19	2.6916809778086305E-13	1.2921473829746514E-14	1.1983821527688489E-14	1.9956425638576767E-23	1.4944462800371693E-22	3.9519367974357977E-16	6.965556144562749E-32	8.704991711265298E-31	1.1507001339449105E-24	8.694077916551933E-31	1.1492574618282405E-24
10.0	1.6903762208086417E-6	1.6903762208086414E-4	6.761504883234566E-4	3.380752441602168E-4	8.451881104043206E-4	8.451881093246443E-4	6.761504883234566E-4	3.380752441617283E-4	3.691495879606373E-15	1.5725100257075744E-20	1.9698300275241489E-19	1.0302200715252286E-12	4.945593718231445E-14	4.7610295793871815E-14	3.8547996962942714E-23	2.8868973654449004E-22	1.5114142712053835E-15	5.157097310318025E-31	6.445163792152638E-30	1.6855649654120986E-23	6.43708293504446E-30	1.68345166261903E-23
60.0	1.6903762208086417E-6	1.6903762208086414E-4	6.761504883234566E-4	3.3807524412148016E-4	8.451881104043206E-4	8.451880808693616E-4	6.761504883234566E-4	3.380752441617283E-4	1.3466256114034287E-14	5.967533704649524E-20	7.494063626853884E-19	2.8182071118272446E-11	1.3528872146707078E-12	1.3461545168997996E-12	1.386580290371977E-22	1.0410950316531377E-21	4.0248082955424376E-14	5.336203143546714E-29	6.677348738830805E-28	1.258558639850126E-20	6.66896631177295E-28	1.2569793700907706E-20
300.0	1.6903762208086417E-6	1.6903762208086414E-4	6.761504883234566E-4	3.3807524384507474E-4	8.451881104043206E-4	8.451878270046045E-4	6.761504883234566E-4	3.380752441617283E-4	1.479108624359762E-14	9.616181436682748E-20	1.2249937702436503E-18	2.704182064847362E-10	1.2981506506528782E-11	1.2974113908179267E-11	1.5266193058885104E-22	1.1671628621205739E-21	3.1665363316977856E-13	8.095650236746935E-28	1.020361368240176E-26	1.142487971710211E-18	1.0190712221053022E-26	1.1410466271481288E-18
600.0	1.6903762208086417E-6	1.6903762208086414E-4	6.761504883234566E-4	3.380752434956178E-4	8.451881104043206E-4	8.451873321557173E-4	6.761504883234566E-4	3.380752441617283E-4	1.4788920862584704E-14	1.5584693871949995E-19	2.008406169586339E-18	7.425998313860768E-10	3.5648753598532387E-11	3.564137719962263E-11	1.5348406403866064E-22	1.199786886870735E-21	6.661106020386426E-13	3.5464222295318E-27	4.496203614582028E-26	8.494746175202721E-18	4.4904852479091704E-26	8.483972605097679E-18
900.0	1.6903762208086417E-6	1.6903762208086414E-4	6.761504883234566E-4	3.3807524314378713E-4	8.451881104043206E-4	8.451865303415668E-4	6.761504883234566E-4	3.380752441617283E-4	1.478540448645483E-14	2.5247757478076965E-19	3.2767745806352986E-18	1.5076856976648845E-9	7.237698408650203E-11	7.236966240290372E-11	1.5480700253386268E-22	1.2363607634345868E-21	1.017941233420463E-12	1.1549793389673387E-26	1.4695457832342595E-25	3.464871855088443E-17	1.4676701035258715E-25	3.460460487347642E-17
1200.0	1.6903762208086417E-6	1.6903762208086414E-4	6.761504883234566E-4	3.380752427881149E-4	8.451881104043206E-4	8.451852317112062E-4	6.761504883234566E-4	3.380752441617283E-4	1.4779715848823026E-14	4.088210136437169E-19	5.328951316013546E-18	2.7468303342211644E-9	1.318625465347336E-10	1.3185538767943153E-10	1.5693948248943656E-22	1.2793302606731725E-21	1.3736135849195514E-12	3.3864568040026745E-26	4.318079449340099E-25	1.1413936630871502E-16	4.312556082703507E-25	1.1399365153442002E-16
2400.0	1.6903762208086417E-6	1.6903762208086414E-4	6.761504883234566E-4	3.380752412521976E-4	8.451881104043206E-4	8.451653947790689E-4	6.761504883234566E-4	3.380752441617283E-4	1.469368285264823E-14	2.776085700332945E-18	3.6402940202029834E-17	2.1675101204519278E-8	1.040509984354267E-9	1.0405166810388904E-9	1.8908603188417278E-22	1.6385643198851436E-21	2.909530669044556E-12	1.79914612586208E-24	2.2996251903982615E-23	7.016465205130259E-15	2.2966764965592986E-23	7.007470387030563E-15
3600.0	1.6903762208086417E-6	1.6903762208086414E-4	6.761504883234566E-4	3.380752388730642E-4	8.451881104043206E-4	8.450365295077938E-4	6.761504883234566E-4	3.380752441617283E-4	1.4170838487905197E-14	1.7278556199699343E-17	2.2680495797668385E-16	1.4463750020729823E-7	6.942773008407258E-9	6.943389112444844E-9	3.8581114941820935E-22	3.3111016681522313E-21	5.2886643092124444E-12	7.463651173483204E-23	9.510411287249626E-22	3.1173320796708883E-13	9.498253647447489E-22	3.1133420233225644E-13
7200.0	1.6903762208086417E-6	1.6903762208086414E-4	6.761504883234566E-4	3.380751912391925E-4	8.451881104043206E-4	8.394278301783626E-4	6.761504883234566E-4	3.380752441617283E-4	7.753934795983805E-15	2.2051283531118286E-16	2.914689591980622E-15	5.496424190644946E-6	2.6295446204831825E-7	2.638560298691518E-7	3.153893718114017E-21	2.582430617530877E-20	5.2922535896718655E-11	3.630459222675137E-20	4.097638123939915E-19	4.510502021758502E-10	4.0929678709719447E-19	4.5051992672475433E-10
10800.0	1.6903762208086417E-6	1.6903762208086414E-4	6.761504883234566E-4	3.3807508807886085E-4	8.451881104043206E-4	8.267016205346111E-4	6.761504883234566E-4	3.380752441617283E-4	6.0818768678537965E-15	2.934070604258623E-16	3.9395484617302214E-15	1.7639713512959438E-5	8.374390473526996E-7	8.467763515944948E-7	4.160762922866499E-21	3.419545682285005E-20	1.5608286746601528E-10	1.5624262081132698E-19	1.5180714233614896E-18	4.671086827616041E-9	1.5165527622904587E-18	4.666218333832092E-9
14400.0	1.6903762208086417E-6	1.6903762208086414E-4	6.761504883234566E-4	3.3807496850143796E-4	8.451881104043206E-4	8.119148524682835E-4	6.761504883234566E-4	3.380752441617283E-4	5.760636684694108E-15	3.1922732355918125E-16	4.36674301581163E-15	3.174920895941012E-5	1.4936035286283765E-6	1.524048971406937E-6	4.52826826983084E-21	3.763380584820765E-20	2.7566029058906314E-10	3.0888844408568606E-19	2.761407938493773E-18	1.523005100001803E-8	2.75883638263233E-18	1.5215392307110632E-8

\\\\\\\\\\\\\\    Mole Fraction Profile Output    \\\\\\\\\\\\\
Time	O2(1)	n-C11(2)	n-C13(3)	SPC(4)	n-C16(5)	SPC(6)	n-C19(7)	n-C21(8)	HO2J(9)	SPC(42)	SPC(116)	SPC(119)	SPC(118)	H2O2(101)	C11H9J(30)	SPC(205)	SPC(208)	SPC(180)	SPC(248)	SPC(262)	SPC(255)	SPC(265)
0.0	4.34593654932638E-4	0.0434593654932638	0.1738374619730552	0.0869187309865276	0.21729682746631895	0.21729682746631895	0.1738374619730552	0.0869187309865276	0.0	0.0	0.0	0.0	0.0	0.0	0.0	0.0	0.0	0.0	0.0	0.0	0.0	0.0
1.0	4.345936549325424E-4	0.04345936549325423	0.17383746197301692	0.0869187309865032	0.21729682746627113	0.21729682746251738	0.17383746197301692	0.08691873098650846	9.693321428655241E-14	4.832810808582221E-19	6.053301054119082E-18	3.5818377049716224E-12	1.7194711975488888E-13	1.234837859426716E-13	1.1871323222349109E-21	8.889674878540939E-21	5.260334438811209E-15	2.143600674023153E-31	2.6788620303607714E-30	7.943359547665402E-25	2.6755034815151965E-30	7.933400791865528E-25
5.0	4.3459365493108955E-4	0.04345936549310895	0.1738374619724358	0.0869187309861163	0.21729682746554474	0.21729682739301986	0.1738374619724358	0.0869187309862179	4.821668267403838E-13	2.089818933725909E-18	2.6176523494324336E-17	6.920278809262586E-11	3.3220950872578984E-12	3.0810258294266395E-12	5.130772576462667E-21	3.842203072572965E-20	1.0160381077963092E-13	1.7908359489611663E-29	2.238042701602754E-28	2.958435943340362E-22	2.2352367783560464E-28	2.9547268510073496E-22
10.0	4.34593654926906E-4	0.04345936549269059	0.17383746197076236	0.08691873098499259	0.21729682746345294	0.21729682718586946	0.17383746197076236	0.08691873098538118	9.49079066965508E-13	4.0429040060356E-18	5.064408861815143E-17	2.648683179233461E-10	1.2715060844629946E-11	1.2240548705371418E-11	9.910642781180621E-21	7.422177749562561E-20	3.8858275698980746E-13	1.3258833988049488E-28	1.6570437128453084E-27	4.3335668706032644E-21	1.6549661343853457E-27	4.328133595019397E-21
60.0	4.345936547807228E-4	0.04345936547807227	0.17383746191228908	0.0869187309457968	0.21729682739036132	0.21729681979695958	0.17383746191228908	0.08691873095614454	3.4621579437574964E-12	1.5342456021359127E-17	1.9267145743423239E-16	7.245575946827505E-9	3.478256449020496E-10	3.460946765562021E-10	3.564880933733215E-20	2.676642567556617E-19	1.0347732803025344E-11	1.3719312885843528E-26	1.716738177531688E-25	3.235738839171947E-18	1.714583065807942E-25	3.2316785559749044E-18
300.0	4.3459365348134216E-4	0.043459365348134216	0.17383746139253686	0.08691873061485719	0.21729682674067105	0.21729675387895156	0.17383746139253686	0.08691873069626843	3.80277013509314E-12	2.4723084551604766E-17	3.149443961341308E-16	6.952418927654657E-8	3.337529403759178E-9	3.3356287757889744E-9	3.924919514685631E-20	3.000761405730531E-19	8.141126077930879E-11	2.081381748266579E-25	2.6233365651735527E-24	2.937322565070779E-16	2.6200196152817027E-24	2.9336168858767056E-16
600.0	4.3459365094864985E-4	0.043459365094864984	0.17383746037945993	0.08691873001847376	0.21729682547432488	0.21729662538756447	0.17383746037945993	0.08691873018972997	3.802213396131847E-12	4.006805659800236E-17	5.163587603064903E-16	1.9092150489524743E-7	9.165250781121143E-9	9.16335431801809E-9	3.9460564418664415E-20	3.084637355322183E-19	1.7125621794247195E-10	9.117808009629784E-25	1.1559684289305462E-23	2.1839888119092008E-15	1.1544982438798884E-23	2.181218940262839E-15
900.0	4.345936468448705E-4	0.04345936468448705	0.1738374587379482	0.08691872910726267	0.21729682342243523	0.21729641719024503	0.1738374587379482	0.0869187293689741	3.801309304251226E-12	6.491167387460817E-17	8.424547135463262E-16	3.876241380931081E-7	1.8608033569437487E-8	1.86061511735916E-8	3.9800689905664906E-20	3.178668312903177E-19	2.617114388265199E-10	2.969437671763819E-24	3.7781841301326326E-23	8.908142914082693E-15	3.7733617806772473E-23	8.89680134189037E-15
1200.0	4.3459364019832365E-4	0.04345936401983236	0.17383745607932943	0.0869187276865104	0.21729682009916176	0.2172960799907148	0.17383745607932943	0.08691872803966472	3.799846704400599E-12	1.0510737806285353E-16	1.3700668066414714E-15	7.062066889377358E-7	3.3901697976404565E-8	3.3899857443541474E-8	4.034894726175068E-20	3.289142311383501E-19	3.5315435744267725E-10	8.706538649259135E-24	1.110172897283514E-22	2.9345090213292694E-14	1.1087528465378884E-22	2.93076271246548E-14
2400.0	4.345935386704609E-4	0.04345935386704608	0.17383741546818432	0.08691870698605558	0.21729676933523037	0.21729092917737688	0.17383741546818432	0.08691870773409216	3.777726844725157E-12	7.137280407216146E-16	9.359148812943623E-15	5.572640467579538E-6	2.675137703405127E-7	2.6751549204946244E-7	4.8613774080652363E-20	4.2127276599843724E-19	7.480365694717437E-10	4.625581404887534E-22	5.912306602566966E-21	1.8039241234693849E-12	5.904725548869241E-21	1.8016115673771239E-12
3600.0	4.345928791232991E-4	0.0434592879123299	0.1738371516493196	0.08691857446495317	0.21729643956164948	0.21725746836847323	0.1738371516493196	0.0869185758246598	3.64329870607376E-12	4.442287695178797E-15	5.831117266863411E-14	3.718605767786789E-5	1.7849752461495427E-6	1.785133645459849E-6	9.919139666039471E-20	8.512786617075441E-19	1.359706685744641E-9	1.9188921450305063E-20	2.4451107227450924E-19	8.014608268918373E-11	2.4419850140301255E-19	8.004349901254795E-11
7200.0	4.345641753748889E-4	0.043456417537488884	0.17382567014995554	0.08691282146958162	0.2172820876874444	0.21580122715739966	0.17382567014995554	0.08691283507497777	1.9933919082909364E-12	5.668973407040782E-14	7.493122912051527E-13	0.0014130280682578336	6.760068412847775E-5	6.783246038738515E-5	8.108072072716496E-19	6.63894710512029E-18	1.3605396176067603E-8	9.333233033645357E-18	1.0534262789515647E-16	1.159565880946065E-7	1.0522256440841106E-16	1.1582026417375959E-7
10800.0	4.344990622430807E-4	0.04344990622430806	0.17379962489723225	0.0868997723286365	0.21724953112154027	0.2124977117255525	0.17379962489723225	0.08689981244861612	1.5633027507309629E-12	7.541817675922451E-14	1.0126326265191398E-12	0.00453416161755456	2.1525769014096784E-4	2.176577771079967E-4	1.0694942143332066E-18	8.789696482712225E-18	4.0119979630186704E-8	4.016104307977482E-17	3.902093520654511E-16	1.2006693073831013E-6	3.898189911486888E-16	1.1994178960359576E-6
14400.0	4.344234343099002E-4	0.043442343430990016	0.17376937372396006	0.08688461601781614	0.21721171715495005	0.2086605539255374	0.17376937372396006	0.08688468686198003	1.4804725371605382E-12	8.204080755454287E-14	1.12224454788542E-12	0.008159485576631868	3.8385323126098223E-4	3.916776514392433E-4	1.1637562271879342E-18	9.67181564758959E-18	7.084416395971208E-8	7.93837354350337E-17	7.096765237251222E-16	3.914093784978626E-6	7.090156388196818E-16	3.91032652912343E-6

Reactions: 
1. HO2J(9)+SPC(42)=O2(1)+SPC(6)	3.0000000e+11 	 0.00000 	 0.00000 	 
2. O2(1)+SPC(42)=SPC(116)	7.5400000e+12 	 0.00000 	 0.00000 	 
3. SPC(42)+HO2J(9)=SPC(119)	1.6424769e+13 	 -0.15000 	 0.31000 	 
4. SPC(6)+SPC(116)=SPC(42)+SPC(119)	3.1729268e+09 	 0.95000 	 5.64400 	 
5. SPC(116)+HO2J(9)=SPC(119)+O2(1)	1.7500000e+10 	 0.00000 	 -3.27500 	 
6. SPC(42)+SPC(42)=SPC(6)+SPC(118)	1.0260000e+14 	 -0.35000 	 0.00000 	 
7. O2(1)+SPC(42)=HO2J(9)+SPC(118)	3.6160000e+11 	 0.00000 	 0.00000 	 
8. SPC(116)+SPC(42)=SPC(119)+SPC(118)	4.8200000e+13 	 0.00000 	 0.00000 	 
9. SPC(116)=HO2J(9)+SPC(118)	8.0040557e+10 	 0.56333 	 29.80000 	 
10. SPC(42)+H2O2(101)=SPC(6)+HO2J(9)	2.9734435e+03 	 2.38600 	 9.69000 	 
11. HO2J(9)+HO2J(9)=H2O2(101)+O2(1)	1.7500000e+10 	 0.00000 	 -3.27500 	 
12. HO2J(9)+SPC(42)=H2O2(101)+SPC(118)	4.8200000e+13 	 0.00000 	 0.00000 	 
13. SPC(116)+H2O2(101)=SPC(119)+HO2J(9)	3.4600000e+01 	 3.40000 	 -1.14000 	 
14. HO2J(9)+C11H9J(30)=O2(1)+SPC(4)	3.0000000e+11 	 0.00000 	 0.00000 	 
15. C11H9J(30)+H2O2(101)=SPC(4)+HO2J(9)	2.9734435e+03 	 2.38600 	 9.69000 	 
16. C11H9J(30)+SPC(6)=SPC(4)+SPC(42)	3.0397882e+06 	 1.88583 	 9.44833 	 
17. C11H9J(30)+SPC(119)=SPC(4)+SPC(116)	1.4867217e+03 	 2.38600 	 9.69000 	 
18. SPC(42)+C11H9J(30)=SPC(118)+SPC(4)	2.0088970e+12 	 0.00000 	 -0.04333 	 
19. O2(1)+C11H9J(30)=SPC(205)	4.5200000e+12 	 0.00000 	 0.00000 	 
20. C11H9J(30)+HO2J(9)=SPC(208)	1.6424769e+13 	 -0.15000 	 0.31000 	 
21. C11H9J(30)+SPC(208)=SPC(4)+SPC(205)	1.4867217e+03 	 2.38600 	 9.69000 	 
22. SPC(6)+SPC(205)=SPC(42)+SPC(208)	3.1729268e+09 	 0.95000 	 5.64400 	 
23. SPC(119)+SPC(205)=SPC(116)+SPC(208)	1.7300000e+01 	 3.40000 	 -1.14000 	 
24. H2O2(101)+SPC(205)=HO2J(9)+SPC(208)	3.4600000e+01 	 3.40000 	 -1.14000 	 
25. SPC(205)+HO2J(9)=SPC(208)+O2(1)	1.7500000e+10 	 0.00000 	 -3.27500 	 
26. SPC(205)+SPC(42)=SPC(208)+SPC(118)	4.8200000e+13 	 0.00000 	 0.00000 	 
27. SPC(180)+H2O2(101)=SPC(118)+HO2J(9)	2.9734435e+03 	 2.38600 	 9.69000 	 
28. SPC(118)+SPC(42)=SPC(180)+SPC(6)	3.0397882e+06 	 1.88583 	 9.44833 	 
29. SPC(118)+SPC(116)=SPC(180)+SPC(119)	3.1729268e+09 	 0.95000 	 5.64400 	 
30. HO2J(9)+SPC(180)=O2(1)+SPC(118)	3.0000000e+11 	 0.00000 	 0.00000 	 
31. SPC(42)+SPC(180)=SPC(118)+SPC(118)	1.0260000e+14 	 -0.35000 	 0.00000 	 
32. SPC(118)+C11H9J(30)=SPC(180)+SPC(4)	3.0397882e+06 	 1.88583 	 9.44833 	 
33. SPC(118)+SPC(205)=SPC(180)+SPC(208)	3.1729268e+09 	 0.95000 	 5.64400 	 
34. O2(1)+SPC(180)=SPC(248)	7.5400000e+12 	 0.00000 	 0.00000 	 
35. SPC(180)+HO2J(9)=SPC(262)	1.6424769e+13 	 -0.15000 	 0.31000 	 
36. C11H9J(30)+SPC(262)=SPC(4)+SPC(248)	1.4867217e+03 	 2.38600 	 9.69000 	 
37. SPC(6)+SPC(248)=SPC(42)+SPC(262)	3.1729268e+09 	 0.95000 	 5.64400 	 
38. SPC(119)+SPC(248)=SPC(116)+SPC(262)	1.7300000e+01 	 3.40000 	 -1.14000 	 
39. SPC(118)+SPC(248)=SPC(180)+SPC(262)	3.1729268e+09 	 0.95000 	 5.64400 	 
40. H2O2(101)+SPC(248)=HO2J(9)+SPC(262)	3.4600000e+01 	 3.40000 	 -1.14000 	 
41. SPC(208)+SPC(248)=SPC(205)+SPC(262)	1.7300000e+01 	 3.40000 	 -1.14000 	 
42. SPC(248)+HO2J(9)=SPC(262)+O2(1)	1.7500000e+10 	 0.00000 	 -3.27500 	 
43. SPC(248)+SPC(42)=SPC(262)+SPC(118)	4.8200000e+13 	 0.00000 	 0.00000 	 
44. O2(1)+SPC(180)=SPC(255)	7.5400000e+12 	 0.00000 	 0.00000 	 
45. SPC(180)+HO2J(9)=SPC(265)	1.6424769e+13 	 -0.15000 	 0.31000 	 
46. C11H9J(30)+SPC(265)=SPC(4)+SPC(255)	1.4867217e+03 	 2.38600 	 9.69000 	 
47. SPC(6)+SPC(255)=SPC(42)+SPC(265)	3.1729268e+09 	 0.95000 	 5.64400 	 
48. SPC(119)+SPC(255)=SPC(116)+SPC(265)	1.7300000e+01 	 3.40000 	 -1.14000 	 
49. SPC(118)+SPC(255)=SPC(180)+SPC(265)	3.1729268e+09 	 0.95000 	 5.64400 	 
50. H2O2(101)+SPC(255)=HO2J(9)+SPC(265)	3.4600000e+01 	 3.40000 	 -1.14000 	 
51. SPC(208)+SPC(255)=SPC(205)+SPC(265)	1.7300000e+01 	 3.40000 	 -1.14000 	 
52. SPC(262)+SPC(255)=SPC(248)+SPC(265)	1.7300000e+01 	 3.40000 	 -1.14000 	 
53. SPC(255)+HO2J(9)=SPC(265)+O2(1)	1.7500000e+10 	 0.00000 	 -3.27500 	 
54. SPC(255)+SPC(42)=SPC(265)+SPC(118)	4.8200000e+13 	 0.00000 	 0.00000 	 

///////ReactionFlux//////// 
 	1.0SEC	5.0SEC	10.0SEC	60.0SEC	300.0SEC	600.0SEC	900.0SEC	1200.0SEC	2400.0SEC	3600.0SEC	7200.0SEC	10800.0SEC	14400.0SEC	
reaction 1	-1.7640135823120863E-16	-6.958174613547814E-16	-8.515482939182684E-16	-8.831514715001813E-15	-4.17146967704951E-14	-5.2218815213305726E-14	-5.33534509686537E-14	-5.448799137228337E-14	-2.1653738206143364E-13	-2.174425876208873E-13	-6.526292390388256E-13	-6.470023683704355E-13	-6.130389699648431E-13	
reaction 2	1.3102704589283375E-14	2.355089796622131E-13	6.935907614806763E-13	2.5869558623496282E-11	2.278800979011393E-10	4.4400992897063887E-10	7.390485483348285E-10	1.22903206576162E-9	1.8385995161036407E-8	1.207087484020572E-7	5.3095869631228225E-6	1.2142056443358483E-5	1.3573616720266818E-5	
reaction 3	1.063078823492629E-24	1.0521041009127295E-22	7.035487925488799E-22	9.854274355929672E-20	1.2059818279607192E-18	2.364898041094611E-18	3.9355992606686066E-18	6.542834398620396E-18	9.758275931309437E-17	6.273589061462804E-16	1.865899398418899E-14	2.905182443076658E-14	2.873681884116613E-14	
reaction 4	1.3102677396005487E-14	2.355116229928656E-13	6.936311259821474E-13	2.5903626244290147E-11	2.3024418751229238E-10	4.5449926591872036E-10	7.634599278183652E-10	1.2767246822668584E-9	1.9223675438226653E-8	1.2645817326076542E-7	5.563536443224332E-6	1.2718039725401812E-5	1.4210720334318906E-5	
reaction 5	2.499247046071824E-24	2.4738348150010123E-22	1.6543694371406182E-21	2.3194628215045404E-19	2.8515072861261576E-18	5.6254617205281E-18	9.401466915607484E-18	1.5670067302055288E-17	2.343790416320515E-16	1.5063579639766976E-15	4.25006944496065E-14	5.134229863626835E-14	2.8843642358877906E-14	
reaction 6	2.803565981799827E-30	1.4169833262124796E-28	7.966475528772716E-28	-3.8810027668462774E-25	-6.541564368240883E-23	-3.1378629195408133E-22	-7.097890557707087E-22	-1.2775442030871425E-21	-1.6040848264016786E-21	9.655460485512547E-19	7.670890009130252E-16	3.033341930395098E-15	3.834564706000647E-15	
reaction 7	6.289979069287575E-16	1.130565484981872E-14	3.329596099414415E-14	1.2418734350740091E-12	1.09394421162987E-11	2.1314842631101412E-11	3.5478307450482815E-11	5.9000192655738E-11	8.826279672188049E-10	5.794677693646722E-9	2.548866146632065E-7	5.828606555163227E-7	6.515499088246819E-7	
reaction 8	7.74966415017086E-28	6.119344407711533E-26	3.967286577848858E-25	5.626445234671131E-23	8.682714671174197E-22	2.6789475898492004E-21	7.335312679080096E-21	1.998747160529834E-20	1.4246399345857926E-18	6.009170702318671E-17	4.04030017438823E-14	1.6324981751192283E-13	2.1413157473498726E-13	
reaction 9	1.2448424242578057E-23	2.237518721520946E-22	6.589961936844937E-22	2.461018653730897E-20	2.187474954272583E-19	4.318051330973713E-19	7.25339311984818E-19	1.2129776568589688E-18	1.8264071084904287E-17	1.201567412495212E-16	5.3052981977246175E-15	1.2269888850387678E-14	1.3949154063843388E-14	
reaction 10	-4.3347282291880626E-16	-1.026303941244019E-14	-3.139142749433946E-14	-1.1621514982981818E-12	-8.269594548980228E-12	-1.0433166166038787E-11	-1.0657868707597438E-11	-1.088118954024186E-11	-4.314796848801755E-11	-4.2617380270206125E-11	-9.636581278373649E-11	-5.856065985382234E-11	-4.881645524177011E-11	
reaction 11	3.6735476250285377E-20	4.4768969559878565E-18	3.0866920814836335E-17	4.276482603587591E-15	4.2344124533859076E-14	5.382555671302845E-14	5.4974369655354585E-14	5.610892577091769E-14	2.2200064576912594E-13	2.1563771804237897E-13	3.766373991886202E-13	1.1669391123255878E-13	5.692767650223346E-14	
reaction 12	1.117492299857836E-23	1.1059556819376142E-21	7.395596827967037E-21	1.035866623312418E-18	1.2677156374909469E-17	2.485974003850564E-17	4.137111591757883E-17	6.87786506695234E-17	1.0257994861351532E-15	6.59487419688019E-15	1.9615631716513077E-13	3.0547724896869586E-13	3.0225034432349607E-13	
reaction 13	-6.605173910309785E-21	-2.9146696847737495E-18	-4.1033969450977583E-17	-3.4090040784798595E-14	-2.364286908990701E-12	-1.0489738888425351E-11	-2.4412090149894892E-11	-4.7693896616807133E-11	-8.377112729103424E-10	-5.750139384481166E-9	-2.547693998144165E-7	-5.827533097681645E-7	-6.515540895323587E-7	
reaction 14	-5.536639256955989E-18	-2.1839346051873986E-17	-2.6727208889751398E-17	-2.7719143004835886E-16	-1.309285134877787E-15	-1.6389768060235293E-15	-1.6745936685705063E-15	-1.7102105301323716E-15	-6.796649700388692E-15	-6.826619137674245E-15	-2.0571777810220068E-14	-2.0656293612052266E-14	-1.990072786237312E-14	
reaction 15	-1.3605239049148341E-17	-3.2212193525489905E-16	-9.852702473966642E-16	-3.647598737591648E-14	-2.5955451769035354E-13	-3.2746182855959384E-13	-3.3451473379092997E-13	-3.415244442502703E-13	-1.3542835559186538E-12	-1.337721671338244E-12	-3.0309328178940927E-12	-1.864492393421805E-12	-1.5819206275218693E-12	
reaction 16	-9.002954930495671E-20	-1.6182359759294636E-18	-4.7662150068286355E-18	-1.7816457635737184E-16	-1.5944025184165485E-15	-3.1777787682429452E-15	-5.373443123582466E-15	-9.021764346913255E-15	-1.3646294220408349E-13	-8.989317758028674E-13	-3.95635937904469E-11	-9.047818303151356E-11	-1.011482640249336E-10	
reaction 17	-1.0924804342018373E-20	-1.963658513547282E-19	-5.783386184306651E-19	-2.159803260740659E-17	-1.9197398308732296E-16	-3.789545156179314E-16	-6.365616944167419E-16	-1.0645157358407168E-15	-1.6028647256189855E-14	-1.0545020308201229E-13	-4.655957483734675E-12	-1.076811314812364E-11	-1.2241835217447902E-11	
reaction 18	-6.348765396992248E-32	-5.441289933130107E-30	-3.593386844665644E-29	-7.794304860592621E-27	-4.401604456415405E-25	-1.9621606721475104E-24	-4.5749735037485E-24	-8.947151390194112E-24	-1.5785361197048917E-22	-1.1136787994568139E-21	-9.924534541793664E-20	-5.788155843299852E-19	-1.1971310308060526E-18	
reaction 19	1.9242843933314575E-17	3.4577615658087294E-16	1.0173428391307194E-15	3.695297193314052E-14	2.626503984891284E-13	3.326578219632872E-13	3.4219963039942294E-13	3.5332124961174686E-13	1.5135732358410382E-12	2.348933901527492E-12	4.7273118244507725E-11	1.0314989706962276E-10	1.150343979987875E-10	
reaction 20	2.611388849762674E-27	2.5836392432086503E-25	1.725966732542952E-24	2.346828310299468E-22	2.3224621252782098E-21	2.9637686450286634E-21	3.0483225719661503E-21	3.1465459649051103E-21	1.3449657085892295E-20	2.0486132059580227E-20	2.806881574400423E-19	4.126178749971179E-19	4.067291850111105E-19	
reaction 21	-1.6044347656672262E-23	-2.883059716918701E-22	-8.482938943637883E-22	-3.085178834349549E-20	-2.2149446297611407E-19	-2.8624847006575455E-19	-3.0105818870403476E-19	-3.1753562842141607E-19	-1.4236022483479413E-18	-2.269914475940697E-18	-4.336619591815954E-17	-9.417282802893823E-17	-1.0583654624390992E-16	
reaction 22	1.9242803456539016E-17	3.4578003832959153E-16	1.0174020794659127E-15	3.7002120703042315E-14	2.65649544949861E-13	3.4331215261573377E-13	3.6107388786169034E-13	3.808355583301987E-13	1.70737504786682E-12	2.7221404127344546E-12	5.1823579626945105E-11	1.1122533133882781E-10	1.2285707280479464E-10	
reaction 23	-2.5412834609887524E-31	-4.461263055008208E-28	-2.4310938842708673E-26	-5.155470674174732E-22	-3.0186103960033893E-19	-3.473098589608011E-18	-1.446889917099878E-17	-4.2238103681954257E-17	-1.6034959731882392E-15	-1.9425692343393817E-14	-1.3499722989069588E-12	-2.5825022175707715E-12	-2.0467590643338755E-12	
reaction 24	-9.700616738934714E-24	-4.279759511973149E-21	-6.022100482848797E-20	-4.918020922269511E-17	-2.9990710064034315E-15	-1.0651157346788504E-14	-1.8860116323260295E-14	-2.747243817087619E-14	-1.9220068947814106E-13	-3.537941024615344E-13	-3.2076813283601747E-12	-5.550686543177548E-12	-5.898753496612127E-12	
reaction 25	3.6703772482130235E-27	3.631943376141548E-25	2.4264182847033556E-24	3.3024637107786017E-22	3.2845592714589368E-21	4.2307363892833726E-21	4.3966415594516735E-21	4.58416205054853E-21	2.002904430691102E-20	3.093299617334652E-20	3.937010362448542E-19	4.427084644065992E-19	2.4495130741946684E-19	
reaction 26	1.138114001945519E-30	8.984096313738832E-29	5.818723278585844E-28	8.009736049953884E-26	9.90055499770155E-25	1.989481440930487E-24	3.4092169573113685E-24	5.856549817701764E-24	1.0233960428971486E-22	1.1367733247430756E-21	3.6731878391581786E-19	1.427104103246138E-18	1.8511822396099026E-18	
reaction 27	-4.4287970253866885E-28	-1.9543086500891736E-25	-2.75136292426123E-24	-2.285774809947915E-21	-1.5853102640362435E-19	-7.033908301234768E-19	-1.6370755281669715E-18	-3.1987345966164684E-18	-5.624919384069477E-17	-3.8926588077977926E-16	-2.269761618766239E-14	-9.244369226052789E-14	-1.706993715618489E-13	
reaction 28	9.004694580810429E-31	3.267895311982236E-28	4.479055720496677E-27	3.782377437335305E-24	3.40359660096695E-22	2.3094229316529432E-21	8.709491436191864E-21	2.769442939929723E-20	2.3367199419805187E-18	1.0544977513625734E-16	1.579471955915356E-13	1.4840139025563406E-12	3.4750898355857576E-12	
reaction 29	4.889315958143269E-27	1.7744083924953793E-24	2.4321222722682343E-23	2.0559014058712935E-20	1.862061542381503E-18	1.2729106520059852E-17	4.826336012561356E-17	1.5397875190378126E-16	1.3046687158307894E-14	5.893699201532426E-13	8.868163316968432E-10	8.428013974641715E-9	2.0057333411544324E-8	
reaction 30	-1.251584491424797E-28	-1.0646323803588543E-26	-7.018772664004367E-26	-1.4740930637458278E-23	-7.954608191283133E-22	-3.520572447904652E-21	-8.19536336451814E-21	-1.6018193785668763E-20	-2.8254434678561208E-19	-1.996948906191531E-18	-1.8045954006500994E-16	-1.0455711244191317E-15	-2.1518020350292415E-15	
reaction 31	-1.086758794535749E-41	-1.8069680818951387E-38	-5.0924105484825675E-37	-3.094016492032427E-33	-1.8811821393182665E-30	-2.573774915889666E-29	-1.3142977347052436E-28	-4.799718827326409E-28	-3.8732286335456656E-26	9.36319751877204E-25	6.957290601144121E-20	9.275388654260483E-19	2.232214931730783E-18	
reaction 32	-5.332230192466439E-33	-1.9354487849986426E-30	-2.653926813598321E-29	-2.272821751502689E-26	-2.229144069254919E-24	-1.6568416278238512E-23	-6.642155464209819E-23	-2.1898785770802793E-22	-1.930608161576773E-20	-8.796446323935494E-19	-1.3253848112721802E-15	-1.2595748119832911E-14	-2.9981261216706094E-14	
reaction 33	7.180398166924561E-30	2.6050064067691833E-27	3.5669003210245837E-26	2.9136031713512124E-23	2.0458793902886486E-21	9.291973493692381E-21	2.2257050964953493E-20	4.492856353620994E-20	9.273110414440394E-19	1.1104740088309556E-17	8.00540267809106E-15	7.358567390119328E-14	1.7335037546033144E-13	
reaction 34	2.7343852930226473E-27	9.923297479226436E-25	1.3599972807540262E-23	1.1453398356227113E-20	1.0125264872335492E-18	6.728070724514148E-18	2.4985692458384012E-17	7.868315302023468E-17	6.55748666784165E-15	2.9512896076417313E-13	4.4384791300298535E-10	4.2194282067395116E-9	1.0045594549388957E-8	
reaction 35	2.7666566285801234E-37	5.174586537823039E-34	1.461074008000196E-32	4.883625784855859E-29	5.394386473184102E-27	3.59165096329245E-26	1.3335617733377972E-25	4.1982320552098E-25	3.485763054373886E-23	1.5306458914260057E-21	1.4219904014969458E-18	9.905368696154894E-18	2.123503812317783E-17	
reaction 36	-2.2798784814407543E-33	-8.273942048051801E-31	-1.1339802065033573E-29	-9.557714953709038E-27	-8.493934381051676E-25	-5.678777384432111E-24	-2.118263241583959E-23	-6.688834580573041E-23	-5.59156287671071E-21	-2.5124743311258003E-19	-3.4710889917158914E-16	-2.882568976081625E-15	-6.197731105534762E-15	
reaction 37	2.7343744552591157E-27	9.923360372067082E-25	1.3600402530261072E-23	1.1463054384536357E-20	1.018720615303251E-18	6.810842562393479E-18	2.5405373206285643E-17	8.022237842993654E-17	6.70612372390178E-15	3.0129653403415903E-13	4.143806811971494E-10	3.4014867441674976E-9	7.193040554367118E-9	
reaction 38	6.709728351639829E-37	4.7266671987279E-33	2.613253985221283E-31	5.7733456019801916E-27	4.877090475351933E-24	9.864870170816996E-23	8.033750422540048E-22	4.792378180062377E-21	2.626297742369794E-18	7.974481967665834E-16	3.651704348909062E-11	8.361832333058708E-10	2.811916945552048E-9	
reaction 39	1.3641337098856314E-39	9.5590419980606E-36	5.285117763058826E-34	1.169587932635531E-29	9.977885422299965E-27	2.0353113819999559E-25	1.6646766530951673E-24	9.944790821931453E-24	5.4469349737638006E-21	1.6571617074667334E-18	8.499481334632186E-14	2.434429978128344E-12	1.0372807155049069E-11	
reaction 40	-9.496469510916915E-34	-7.890857927460321E-30	-4.4632021187354935E-28	-9.672118347531158E-24	-6.199892383410325E-21	-8.287661206498365E-20	-4.205082483163916E-19	-1.544099458537483E-18	-1.512724841311822E-16	-6.9669969850631266E-15	-7.135604882741259E-12	-2.0687098901943113E-11	3.0232954562193085E-11	
reaction 41	9.854450733102204E-40	6.941609418033389E-36	3.8378280420380917E-34	8.474501831289937E-30	6.94577797250439E-27	1.2640670362734107E-25	8.607637458775543E-25	4.080679258961156E-24	7.744054776726355E-22	6.242413490280959E-20	4.2889450936981924E-16	7.967468960201793E-15	2.532126446600328E-14	
reaction 42	6.49287718646803E-37	1.2144806920683877E-33	3.429255582517214E-32	1.1468914801772098E-28	1.2701321866857359E-26	8.480431130283921E-26	3.155110844260346E-25	9.944894691446113E-25	8.26629326796747E-23	3.619580905516092E-21	2.9667529645475857E-18	1.5153321521144636E-17	2.0296856364709084E-17	
reaction 43	1.91459886493347E-40	2.9791259327510353E-37	8.209764605812694E-36	2.7959149525883526E-32	4.039457113284519E-30	4.1493686697125927E-29	2.502767432444959E-28	1.284300587859529E-27	5.905098970664482E-25	1.6809468706502994E-22	3.5549027048367695E-18	4.455030533007505E-17	1.0875246049646111E-16	
reaction 44	2.73095713749517E-27	9.910856307874379E-25	1.3582921636077807E-23	1.1439026884860464E-20	1.0112493259177278E-18	6.7195322627263236E-18	2.49538434470455E-17	7.858258473042593E-17	6.549079733444335E-15	2.947512065989645E-13	4.433258438316278E-10	4.215090594777234E-9	1.0036265397526121E-8	
reaction 45	2.766654904099851E-37	5.174583736736453E-34	1.4610732230760203E-32	4.883621543896835E-29	5.394364008265994E-27	3.591620952600346E-26	1.3335465413619113E-25	4.198176093415137E-25	3.485707869384768E-23	1.530619341202773E-21	1.4218962796430657E-18	9.903253647582683E-18	2.1226151953385954E-17	
reaction 46	-2.2770206888273374E-33	-8.26357068254803E-31	-1.1325587294158763E-29	-9.545724400887563E-27	-8.483222546977501E-25	-5.671572107000669E-24	-2.115563723249576E-23	-6.680287208396397E-23	-5.584395672243188E-21	-2.509258963737083E-19	-3.4669891601234894E-16	-2.879547835512421E-15	-6.191782139929737E-15	
reaction 47	2.7309463133184183E-27	9.910919121843812E-25	1.3583350819924476E-23	1.1448670797233506E-20	1.0174356502043665E-18	6.802199303672323E-18	2.5372990556443896E-17	8.011984678420137E-17	6.697526304138479E-15	3.009108752446819E-13	4.138911232440799E-10	3.3979204780386037E-9	7.186134187808501E-9	
reaction 48	6.701317813389061E-37	4.7207423072655666E-33	2.60997814772798E-31	5.766099731314057E-27	4.870924906929498E-24	9.852313977450892E-23	8.023482005460268E-22	4.786239769189311E-21	2.6229294911880242E-18	7.964288889281974E-16	3.647573863621883E-11	8.353813512694718E-10	2.809497286040199E-9	
reaction 49	1.3624234664652472E-39	9.547057492458442E-36	5.278491449274915E-34	1.1681202103577808E-29	9.96529274593507E-27	2.032727564324269E-25	1.6625544243127315E-24	9.932079249314197E-24	5.439951214531394E-21	1.6550411180061374E-18	8.489535885551703E-14	2.431901736351305E-12	1.0362878129658575E-11	
reaction 50	-9.484561356807523E-34	-7.880963051565872E-30	-4.457605309856037E-28	-9.659982222222824E-24	-6.192081315854429E-21	-8.277168179702578E-20	-4.199735522233484E-19	-1.5421298598132983E-18	-1.510786185795958E-16	-6.958070524963878E-15	-7.126711200548978E-12	-2.065406572215845E-11	3.023949793522981E-11	
reaction 51	9.842098334983164E-40	6.93290808925156E-36	3.8330171417785917E-34	8.463865916926658E-30	6.937001224894998E-27	1.2624600788631932E-25	8.596652473566936E-25	4.075459803930139E-24	7.7341254958638E-22	6.234425822828936E-20	4.2840410489467087E-16	7.95976432525025E-15	2.529937079836231E-14	
reaction 52	5.001390623485443E-56	6.673502868719582E-51	1.3502317492683468E-48	-6.465275521629213E-43	-6.500059579254169E-38	-5.5840190095201974E-36	-9.389571668353046E-35	-8.329422756177024E-34	-3.519887950742404E-31	3.813231196489812E-27	1.6206053874235127E-19	2.1028719426496315E-17	1.439233955490302E-16	
reaction 53	6.484736930011895E-37	1.2129580559379522E-33	3.4249560957537303E-32	1.145452332033884E-28	1.2685300841925696E-26	8.469668925040509E-26	3.1510891324433877E-25	9.932183928116691E-25	8.255695628509538E-23	3.614947875675935E-21	2.9632397931625456E-18	1.5137527280971006E-17	2.027791522488078E-17	
reaction 54	1.9121984920656322E-40	2.9753909001316643E-37	8.19947147513124E-36	2.792406558553678E-32	4.0343611594459386E-30	4.144101969688592E-29	2.499576921392932E-28	1.2826590053839484E-27	5.897527804524457E-25	1.6787958242097128E-22	3.550725985943433E-18	4.450371245847503E-17	1.0864809420426491E-16	

Running Time is: 1.7622333333333333 minutes.